Offset =  (12.209765625, 12.825, -23.183203125) 
 Scale =  (0.9662916198812987, 1.132330827067669, 0.9242301369863015)

